0 0.3331 0.8107 0.0469 0.0826
0 0.3589 0.8004 0.0312 0.0675
0 0.4844 0.7965 0.0321 0.0546
0 0.3836 0.7712 0.0217 0.0335
1 0.6029 0.7951 0.0221 0.0739
1 0.9365 0.8558 0.0691 0.2885
1 0.9751 0.8551 0.0498 0.2899
1 0.8591 0.8632 0.0344 0.2106
1 0.9039 0.8663 0.0300 0.1968
1 0.8744 0.8572 0.0193 0.1863
1 0.6816 0.8407 0.0218 0.1446
1 0.7191 0.8448 0.0279 0.1388
1 0.6884 0.8349 0.0118 0.1281
1 0.7000 0.8305 0.0182 0.1345
2 0.0834 0.8345 0.0584 0.1631
0 0.2704 0.8309 0.1201 0.1216
0 0.4204 0.7823 0.0370 0.0493
0 0.5236 0.8135 0.0777 0.1098
