0 0.3602 0.8004 0.0277 0.0678
0 0.4847 0.7958 0.0312 0.0550
0 0.3835 0.7709 0.0222 0.0338
1 0.9334 0.8558 0.0758 0.2885
0 0.3341 0.8100 0.0443 0.0827
1 0.9719 0.8551 0.0562 0.2899
1 0.8556 0.8632 0.0351 0.2106
1 0.9003 0.8663 0.0373 0.1968
1 0.8744 0.8572 0.0193 0.1863
1 0.6008 0.7951 0.0211 0.0739
1 0.6816 0.8407 0.0218 0.1446
1 0.7191 0.8448 0.0279 0.1388
1 0.6975 0.8298 0.0164 0.1321
1 0.6884 0.8349 0.0118 0.1281
2 0.0874 0.8351 0.0584 0.1635
0 0.2711 0.8306 0.1174 0.1191
0 0.4196 0.7823 0.0365 0.0493
0 0.5224 0.8149 0.0770 0.1127
