2 0.8438 0.6470 0.0831 0.0920
2 0.6429 0.2980 0.0183 0.0290
0 0.2486 0.9644 0.4462 0.0711
2 0.2427 0.5215 0.0450 0.0563
2 0.4088 0.5210 0.0447 0.0525
2 0.3744 0.5132 0.0419 0.0570
2 0.8595 0.3849 0.0296 0.0439
2 0.3097 0.3917 0.0257 0.0441
2 0.2897 0.3907 0.0222 0.0432
2 0.4094 0.4027 0.0263 0.0448
2 0.3707 0.3458 0.0200 0.0355
2 0.3516 0.3465 0.0183 0.0383
0 0.4804 0.3135 0.0614 0.0383
1 0.4490 0.3463 0.0214 0.0336
0 0.0760 0.8126 0.1519 0.1605
0 0.8011 0.7922 0.3420 0.2567
0 0.8538 0.4507 0.2649 0.0647
0 0.3968 0.4772 0.2165 0.0752
0 0.5052 0.4241 0.1461 0.0516
0 0.5474 0.3749 0.1522 0.0519
0 0.5629 0.3129 0.0647 0.0356
0 0.5333 0.2830 0.0422 0.0220
1 0.9341 0.5348 0.1316 0.0453
1 0.9492 0.5775 0.1003 0.0569
1 0.9662 0.6109 0.0664 0.0508
