1 0.5503 0.4158 0.0329 0.0184
2 0.9341 0.6298 0.0470 0.0784
2 0.0125 0.5218 0.0233 0.0615
2 0.4099 0.3569 0.0241 0.0388
2 0.3188 0.3364 0.0151 0.0282
2 0.3362 0.3353 0.0179 0.0324
2 0.3248 0.3690 0.0187 0.0397
2 0.3419 0.3690 0.0237 0.0374
1 0.5618 0.3029 0.0356 0.0228
1 0.7497 0.4030 0.0622 0.0185
1 0.0329 0.5821 0.0641 0.0416
1 0.6869 0.4158 0.0496 0.0223
1 0.6328 0.4344 0.0680 0.0372
1 0.5493 0.4478 0.0475 0.0370
1 0.7226 0.5075 0.1132 0.0420
1 0.0481 0.9389 0.0942 0.1213
0 0.4994 0.2946 0.0336 0.0224
0 0.5390 0.3398 0.0514 0.0321
0 0.8013 0.4710 0.2360 0.0643
2 0.6516 0.3408 0.0220 0.0331
2 0.6346 0.3473 0.0219 0.0333
0 0.5011 0.9100 0.6861 0.1800
0 0.6023 0.5854 0.1752 0.1270
0 0.9044 0.3910 0.1911 0.0486
0 0.8052 0.4213 0.2133 0.0489
0 0.5613 0.3594 0.0730 0.0430
1 0.9095 0.5494 0.1406 0.0513
1 0.9341 0.5941 0.1304 0.0602
1 0.9511 0.6205 0.0966 0.0592
