0 0.4837 0.4338 0.1392 0.0512
1 0.9487 0.5822 0.1026 0.0572
1 0.9659 0.6162 0.0682 0.0481
1 0.4418 0.3640 0.0286 0.0306
2 0.9656 0.6694 0.0621 0.0939
2 0.2976 0.5290 0.0476 0.0576
2 0.4661 0.5229 0.0361 0.0549
2 0.4292 0.5139 0.0372 0.0541
2 0.8926 0.3918 0.0261 0.0431
2 0.4002 0.4157 0.0264 0.0447
2 0.2824 0.3986 0.0203 0.0420
2 0.3031 0.4017 0.0289 0.0442
2 0.3685 0.3541 0.0264 0.0335
2 0.3490 0.3513 0.0167 0.0333
0 0.2036 0.9492 0.4059 0.1008
0 0.5807 0.3871 0.1847 0.0538
0 0.7684 0.7642 0.2996 0.2366
0 0.8669 0.4527 0.2651 0.0636
2 0.6335 0.3007 0.0171 0.0257
0 0.4762 0.3267 0.0664 0.0470
0 0.5505 0.3143 0.0617 0.0300
0 0.0673 0.8153 0.1333 0.1552
0 0.5280 0.2849 0.0400 0.0209
0 0.4773 0.2696 0.0303 0.0155
0 0.3801 0.4885 0.2180 0.0762
1 0.9323 0.5367 0.1350 0.0512
