1 0.4253 0.4999 0.0551 0.0530
2 0.9461 0.6296 0.0651 0.0879
2 0.6166 0.3149 0.0183 0.0254
0 0.9090 0.4503 0.1813 0.0623
0 0.9202 0.3936 0.1528 0.0381
0 0.5294 0.3180 0.0544 0.0317
1 0.4685 0.7897 0.2091 0.1043
1 0.1367 0.5703 0.1383 0.0473
1 0.4973 0.3504 0.0269 0.0292
1 0.6030 0.3504 0.0286 0.0292
1 0.5685 0.3810 0.0297 0.0304
2 0.4750 0.6334 0.0546 0.0857
2 0.1191 0.5875 0.0444 0.0781
2 0.3903 0.3666 0.0251 0.0473
2 0.2987 0.3766 0.0260 0.0385
2 0.2704 0.3733 0.0251 0.0351
2 0.3308 0.3347 0.0204 0.0340
2 0.3091 0.3340 0.0204 0.0340
2 0.6772 0.3681 0.0281 0.0431
0 0.1481 0.8416 0.2961 0.2234
0 0.9500 0.9295 0.1000 0.1411
0 0.6525 0.4977 0.2200 0.0853
0 0.5500 0.4201 0.1811 0.0561
0 0.8031 0.4129 0.2172 0.0536
0 0.4515 0.3132 0.0632 0.0353
0 0.5543 0.3488 0.0681 0.0386
1 0.8964 0.5420 0.1472 0.0538
1 0.9270 0.5886 0.1446 0.0578
1 0.9434 0.6166 0.1119 0.0622
