1 0.5158 0.2917 0.0147 0.0186
0 0.5344 0.3278 0.0534 0.0369
0 0.8838 0.4600 0.2325 0.0627
2 0.6164 0.3266 0.0186 0.0317
1 0.8113 0.8495 0.2481 0.1054
1 0.0788 0.7340 0.1468 0.0723
1 0.3563 0.5392 0.1053 0.0545
1 0.4942 0.4708 0.0424 0.0450
1 0.5024 0.3726 0.0228 0.0273
2 0.9293 0.6289 0.0607 0.0836
1 0.6062 0.3729 0.0347 0.0294
1 0.5685 0.3826 0.0289 0.0224
2 0.5978 0.6510 0.0506 0.0938
2 0.3929 0.3658 0.0229 0.0484
2 0.6724 0.3673 0.0250 0.0411
2 0.3067 0.3819 0.0222 0.0367
2 0.3332 0.3374 0.0189 0.0292
2 0.3088 0.3359 0.0185 0.0287
2 0.2869 0.3732 0.0162 0.0324
0 0.9660 0.3946 0.0667 0.0413
0 0.1828 0.8625 0.3656 0.2256
0 0.6347 0.5140 0.2011 0.0908
0 0.6043 0.4162 0.1819 0.0567
0 0.8042 0.4204 0.2133 0.0489
0 0.4476 0.3091 0.0558 0.0331
0 0.5543 0.3566 0.0681 0.0392
1 0.8969 0.5488 0.1406 0.0513
1 0.9281 0.5934 0.1424 0.0586
1 0.9448 0.6205 0.1091 0.0592
