2 0.6490 0.3457 0.0235 0.0346
2 0.6115 0.3463 0.0204 0.0362
2 0.3164 0.3364 0.0159 0.0280
2 0.3299 0.3345 0.0138 0.0290
2 0.3228 0.3657 0.0156 0.0332
2 0.3383 0.3679 0.0184 0.0386
2 0.0164 0.5392 0.0322 0.0596
1 0.8630 0.5112 0.1290 0.0489
1 0.5659 0.4254 0.0601 0.0295
1 0.5466 0.4437 0.0316 0.0377
1 0.6174 0.4654 0.0809 0.0363
1 0.1123 0.9557 0.2247 0.0885
1 0.1847 0.5478 0.1058 0.0548
2 0.9305 0.6328 0.0475 0.0845
0 0.4999 0.3010 0.0357 0.0240
0 0.5325 0.3406 0.0501 0.0348
0 0.7661 0.4809 0.2404 0.0707
0 0.0561 0.8121 0.1123 0.1223
0 0.6615 0.9248 0.6769 0.1503
0 0.5939 0.6118 0.1939 0.1408
0 0.9321 0.3923 0.1358 0.0511
0 0.7728 0.4221 0.2117 0.0530
0 0.5613 0.3594 0.0730 0.0430
1 0.9030 0.5500 0.1406 0.0513
1 0.9288 0.5941 0.1304 0.0602
1 0.9511 0.6205 0.0966 0.0592
