1 0.3011 0.5379 0.1119 0.0542
0 0.9362 0.4447 0.1276 0.0517
0 0.5298 0.3098 0.0564 0.0257
2 0.3672 0.6189 0.0713 0.0887
2 0.2461 0.5887 0.0523 0.0788
2 0.0636 0.5136 0.0537 0.0766
2 0.6940 0.3659 0.0355 0.0452
2 0.3935 0.3725 0.0213 0.0409
2 0.2988 0.3721 0.0312 0.0338
2 0.3350 0.3326 0.0180 0.0329
2 0.3176 0.3331 0.0176 0.0343
1 0.5723 0.3747 0.0336 0.0444
1 0.5022 0.3300 0.0247 0.0355
1 0.5889 0.3263 0.0269 0.0288
2 0.2577 0.3707 0.0279 0.0401
2 0.6184 0.3120 0.0210 0.0264
1 0.1983 0.7440 0.1798 0.0901
0 0.1192 0.8301 0.2383 0.2005
0 0.8824 0.8997 0.2353 0.2006
0 0.6837 0.4805 0.2347 0.0839
0 0.5076 0.4241 0.1747 0.0642
0 0.8203 0.4099 0.2194 0.0548
0 0.4553 0.3173 0.0706 0.0375
0 0.5543 0.3409 0.0681 0.0380
1 0.9028 0.5391 0.1467 0.0498
1 0.9302 0.5824 0.1382 0.0589
1 0.9465 0.6141 0.1058 0.0572
