1 0.5968 0.4308 0.0396 0.0409
1 0.5050 0.4003 0.0345 0.0380
1 0.8728 0.9403 0.2354 0.1157
2 0.6338 0.3325 0.0235 0.0381
2 0.6561 0.3556 0.0219 0.0395
0 0.8234 0.4687 0.2394 0.0659
0 0.5442 0.3350 0.0674 0.0336
2 0.3132 0.3359 0.0171 0.0324
2 0.3340 0.3360 0.0179 0.0312
2 0.3081 0.3703 0.0208 0.0342
2 0.3291 0.3730 0.0245 0.0409
2 0.3995 0.3632 0.0201 0.0320
2 0.9332 0.6314 0.0503 0.0879
2 0.8418 0.6858 0.0855 0.1000
1 0.5376 0.3008 0.0204 0.0219
1 0.5544 0.5019 0.0918 0.0504
1 0.7176 0.4402 0.0902 0.0340
1 0.6419 0.3939 0.0449 0.0294
1 0.5662 0.4010 0.0265 0.0363
0 0.2744 0.8877 0.5489 0.2247
0 0.6214 0.5400 0.1733 0.1072
0 0.7634 0.3987 0.1988 0.0524
0 0.8047 0.4209 0.2133 0.0489
0 0.5565 0.3579 0.0725 0.0417
1 0.9032 0.5491 0.1406 0.0513
1 0.9311 0.5938 0.1364 0.0594
1 0.9480 0.6205 0.1029 0.0592
