1 0.6650 0.4418 0.0820 0.0354
1 0.5100 0.4220 0.0366 0.0374
0 0.8037 0.4732 0.2396 0.0680
2 0.9335 0.6302 0.0535 0.0836
2 0.6401 0.3409 0.0244 0.0398
2 0.6528 0.3555 0.0279 0.0401
2 0.3155 0.3355 0.0175 0.0289
2 0.3343 0.3346 0.0170 0.0270
2 0.3152 0.3707 0.0213 0.0366
2 0.3324 0.3693 0.0208 0.0387
2 0.4043 0.3576 0.0213 0.0400
2 0.9629 0.7092 0.0741 0.1156
0 0.5370 0.3380 0.0531 0.0331
1 0.5448 0.2995 0.0200 0.0250
1 0.6171 0.4993 0.1072 0.0423
1 0.6701 0.4000 0.0749 0.0292
1 0.6417 0.4248 0.0563 0.0308
1 0.5550 0.4125 0.0315 0.0333
0 0.3458 0.8975 0.6533 0.2050
0 0.6082 0.5617 0.1675 0.1171
0 0.8332 0.3927 0.2069 0.0403
0 0.8050 0.4211 0.2134 0.0489
0 0.5576 0.3585 0.0747 0.0430
1 0.9064 0.5492 0.1406 0.0512
1 0.9326 0.5939 0.1334 0.0598
1 0.9495 0.6205 0.0997 0.0592
