1 0.5034 0.3848 0.0274 0.0321
0 0.8497 0.4647 0.2436 0.0642
1 0.4415 0.8126 0.1881 0.0782
2 0.6167 0.3306 0.0211 0.0377
1 0.6104 0.3792 0.0229 0.0167
2 0.6573 0.3580 0.0260 0.0369
2 0.3892 0.3627 0.0249 0.0425
2 0.3095 0.3339 0.0210 0.0317
2 0.3302 0.3355 0.0199 0.0307
2 0.2965 0.3693 0.0195 0.0358
2 0.3171 0.3779 0.0253 0.0456
2 0.9268 0.6295 0.0449 0.0842
2 0.7077 0.6649 0.0771 0.0962
1 0.5218 0.2959 0.0143 0.0188
1 0.5679 0.3946 0.0273 0.0368
1 0.4945 0.5114 0.0812 0.0521
1 0.5533 0.4448 0.0486 0.0401
0 0.5323 0.3341 0.0534 0.0319
0 0.2194 0.8787 0.4389 0.2344
0 0.6243 0.5266 0.1853 0.1011
0 0.6643 0.4079 0.1819 0.0567
0 0.8044 0.4206 0.2133 0.0489
0 0.4483 0.2954 0.0558 0.0331
0 0.5554 0.3573 0.0703 0.0405
1 0.9001 0.5489 0.1406 0.0513
1 0.9296 0.5936 0.1394 0.0590
1 0.9464 0.6205 0.1060 0.0592
