0 0.8628 0.4028 0.2210 0.0534
0 0.9679 0.4360 0.0642 0.0527
1 0.5846 0.3710 0.0325 0.0416
1 0.1456 0.5697 0.1349 0.0482
1 0.4554 0.2976 0.0206 0.0202
2 0.2698 0.6077 0.0829 0.0836
2 0.3852 0.5933 0.0709 0.0868
2 0.0198 0.5101 0.0377 0.0580
2 0.1480 0.5079 0.0458 0.0550
2 0.4018 0.3774 0.0226 0.0345
2 0.3029 0.3738 0.0284 0.0376
2 0.3446 0.3325 0.0204 0.0365
2 0.3280 0.3313 0.0195 0.0348
2 0.7267 0.3605 0.0359 0.0260
0 0.5327 0.3000 0.0522 0.0270
2 0.2598 0.3693 0.0284 0.0404
2 0.6306 0.3043 0.0235 0.0322
0 0.0954 0.8192 0.1908 0.1787
0 0.8501 0.8774 0.2997 0.2452
0 0.7185 0.4698 0.2447 0.0758
0 0.4736 0.4359 0.1778 0.0717
0 0.7124 0.3951 0.1864 0.0483
0 0.4647 0.3281 0.0628 0.0441
0 0.5608 0.3301 0.0694 0.0408
1 0.9118 0.5341 0.1386 0.0453
1 0.9354 0.5772 0.1279 0.0566
1 0.9522 0.6105 0.0944 0.0502
