0 0.9416 0.3988 0.1168 0.0526
2 0.6408 0.2959 0.0201 0.0297
0 0.5358 0.2847 0.0497 0.0267
1 0.5938 0.3646 0.0343 0.0411
1 0.4499 0.3265 0.0206 0.0303
2 0.3417 0.3352 0.0194 0.0310
2 0.3646 0.3353 0.0214 0.0308
2 0.2841 0.3806 0.0221 0.0416
2 0.3084 0.3820 0.0274 0.0452
2 0.4084 0.3910 0.0224 0.0452
2 0.8113 0.3762 0.0270 0.0404
2 0.2926 0.5116 0.0369 0.0568
2 0.3226 0.5173 0.0372 0.0537
2 0.1666 0.5116 0.0347 0.0542
2 0.0773 0.5837 0.0694 0.0787
2 0.6644 0.6230 0.0999 0.0971
0 0.4742 0.2961 0.0594 0.0403
0 0.0767 0.8120 0.1533 0.1552
0 0.8179 0.8330 0.3642 0.2875
0 0.8075 0.4520 0.2622 0.0688
0 0.4117 0.4631 0.2017 0.0741
0 0.5447 0.4102 0.1590 0.0508
0 0.5060 0.3571 0.1053 0.0489
0 0.5654 0.3178 0.0669 0.0384
1 0.9308 0.5322 0.1383 0.0425
1 0.9451 0.5741 0.1085 0.0575
1 0.9618 0.6090 0.0752 0.0470
