1 0.5874 0.3620 0.0302 0.0294
2 0.6332 0.3007 0.0238 0.0271
2 0.2692 0.3713 0.0236 0.0318
2 0.3307 0.3328 0.0217 0.0355
2 0.3516 0.3328 0.0194 0.0352
2 0.2997 0.3780 0.0249 0.0450
2 0.3993 0.3826 0.0233 0.0432
2 0.7672 0.3739 0.0289 0.0476
2 0.2127 0.5103 0.0307 0.0568
2 0.2303 0.5220 0.0378 0.0595
2 0.0844 0.5103 0.0397 0.0569
2 0.1646 0.5948 0.0776 0.0802
2 0.5117 0.6092 0.0805 0.0893
1 0.4556 0.3037 0.0221 0.0308
0 0.8926 0.4026 0.2143 0.0521
0 0.0731 0.8095 0.1461 0.1602
0 0.8253 0.8596 0.3494 0.2808
0 0.7569 0.4598 0.2572 0.0717
0 0.4344 0.4484 0.1950 0.0733
0 0.6068 0.4009 0.1669 0.0503
0 0.4783 0.3418 0.0722 0.0452
0 0.5565 0.3207 0.0725 0.0436
1 0.9161 0.5335 0.1411 0.0442
1 0.9373 0.5754 0.1241 0.0558
1 0.9544 0.6101 0.0899 0.0494
